
K_L information矩阵如下: 
0.0  0.0  0.0  0.0  0.0  0.0  0.0  0.0  
0.0  0.0  0.0  0.0  0.0  0.0  0.0  0.0  
0.0  0.0  0.0  0.0  0.0  0.0  0.0  0.0  
0.0  0.0  0.0  0.0  0.0  0.0  0.0  0.0  
0.0  0.0  0.0  0.0  0.0  0.0  0.0  0.0  
0.0  0.0  0.0  0.0  0.0  0.0  0.0  0.0  
0.0  0.0  0.0  0.0  0.0  0.0  0.0  0.0  
0.0  0.0  0.0  0.0  0.0  0.0  0.0  0.0  
adi的计算指标：
adi1: [41, 14, 62, 26, 73, 37, 85, 58]
adi2: [31, 13, 52, 25, 74, 47, 86, 68]
adi3: [21, 12, 53, 35, 64, 46, 87, 78]
list 遍历 ;拿list的值去Array中匹配寻找,然后输出其大小：
adi1: 0.0
adi2: 0.0
adi3: 0.0
[0.0, 0.0, 0.0]

===============================================
K_L information矩阵如下: 
0.0  1.14  0.0  0.0  1.14  1.14  0.0  1.14  
1.36  0.0  1.36  1.36  0.0  0.0  1.36  0.0  
0.0  1.14  0.0  0.0  1.14  1.14  0.0  1.14  
0.0  1.14  0.0  0.0  1.14  1.14  0.0  1.14  
1.36  0.0  1.36  1.36  0.0  0.0  1.36  0.0  
1.36  0.0  1.36  1.36  0.0  0.0  1.36  0.0  
0.0  1.14  0.0  0.0  1.14  1.14  0.0  1.14  
1.36  0.0  1.36  1.36  0.0  0.0  1.36  0.0  
adi的计算指标：
adi1: [41, 14, 62, 26, 73, 37, 85, 58]
adi2: [31, 13, 52, 25, 74, 47, 86, 68]
adi3: [21, 12, 53, 35, 64, 46, 87, 78]
list 遍历 ;拿list的值去Array中匹配寻找,然后输出其大小：
adi1: 0.0
adi2: 0.0
adi3: 1.25
[0.0, 0.0, 1.25]

===============================================
K_L information矩阵如下: 
0.0  0.0  1.14  0.0  1.14  0.0  1.14  1.14  
0.0  0.0  1.14  0.0  1.14  0.0  1.14  1.14  
1.36  1.36  0.0  1.36  0.0  1.36  0.0  0.0  
0.0  0.0  1.14  0.0  1.14  0.0  1.14  1.14  
1.36  1.36  0.0  1.36  0.0  1.36  0.0  0.0  
0.0  0.0  1.14  0.0  1.14  0.0  1.14  1.14  
1.36  1.36  0.0  1.36  0.0  1.36  0.0  0.0  
1.36  1.36  0.0  1.36  0.0  1.36  0.0  0.0  
adi的计算指标：
adi1: [41, 14, 62, 26, 73, 37, 85, 58]
adi2: [31, 13, 52, 25, 74, 47, 86, 68]
adi3: [21, 12, 53, 35, 64, 46, 87, 78]
list 遍历 ;拿list的值去Array中匹配寻找,然后输出其大小：
adi1: 0.0
adi2: 1.25
adi3: 0.0
[0.0, 1.25, 0.0]

===============================================
K_L information矩阵如下: 
0.0  0.0  0.0  1.14  0.0  1.14  1.14  1.14  
0.0  0.0  0.0  1.14  0.0  1.14  1.14  1.14  
0.0  0.0  0.0  1.14  0.0  1.14  1.14  1.14  
1.36  1.36  1.36  0.0  1.36  0.0  0.0  0.0  
0.0  0.0  0.0  1.14  0.0  1.14  1.14  1.14  
1.36  1.36  1.36  0.0  1.36  0.0  0.0  0.0  
1.36  1.36  1.36  0.0  1.36  0.0  0.0  0.0  
1.36  1.36  1.36  0.0  1.36  0.0  0.0  0.0  
adi的计算指标：
adi1: [41, 14, 62, 26, 73, 37, 85, 58]
adi2: [31, 13, 52, 25, 74, 47, 86, 68]
adi3: [21, 12, 53, 35, 64, 46, 87, 78]
list 遍历 ;拿list的值去Array中匹配寻找,然后输出其大小：
adi1: 1.25
adi2: 0.0
adi3: 0.0
[1.25, 0.0, 0.0]

===============================================
K_L information矩阵如下: 
0.0  0.06  0.06  0.0  1.52  0.06  0.06  1.52  
0.12  0.0  0.0  0.12  1.14  0.0  0.0  1.14  
0.12  0.0  0.0  0.12  1.14  0.0  0.0  1.14  
0.0  0.06  0.06  0.0  1.52  0.06  0.06  1.52  
3.0  1.36  1.36  3.0  0.0  1.36  1.36  0.0  
0.12  0.0  0.0  0.12  1.14  0.0  0.0  1.14  
0.12  0.0  0.0  0.12  1.14  0.0  0.0  1.14  
3.0  1.36  1.36  3.0  0.0  1.36  1.36  0.0  
adi的计算指标：
adi1: [41, 14, 62, 26, 73, 37, 85, 58]
adi2: [31, 13, 52, 25, 74, 47, 86, 68]
adi3: [21, 12, 53, 35, 64, 46, 87, 78]
list 遍历 ;拿list的值去Array中匹配寻找,然后输出其大小：
adi1: 0.0
adi2: 0.6699999999999999
adi3: 0.6699999999999999
[0.0, 0.6699999999999999, 0.6699999999999999]

===============================================
K_L information矩阵如下: 
0.0  0.06  0.0  0.06  0.06  1.52  0.06  1.52  
0.12  0.0  0.12  0.0  0.0  1.14  0.0  1.14  
0.0  0.06  0.0  0.06  0.06  1.52  0.06  1.52  
0.12  0.0  0.12  0.0  0.0  1.14  0.0  1.14  
0.12  0.0  0.12  0.0  0.0  1.14  0.0  1.14  
3.0  1.36  3.0  1.36  1.36  0.0  1.36  0.0  
0.12  0.0  0.12  0.0  0.0  1.14  0.0  1.14  
3.0  1.36  3.0  1.36  1.36  0.0  1.36  0.0  
adi的计算指标：
adi1: [41, 14, 62, 26, 73, 37, 85, 58]
adi2: [31, 13, 52, 25, 74, 47, 86, 68]
adi3: [21, 12, 53, 35, 64, 46, 87, 78]
list 遍历 ;拿list的值去Array中匹配寻找,然后输出其大小：
adi1: 0.6699999999999999
adi2: 0.0
adi3: 0.67
[0.6699999999999999, 0.0, 0.67]

===============================================
K_L information矩阵如下: 
0.0  0.0  0.06  0.06  0.06  0.06  1.52  1.52  
0.0  0.0  0.06  0.06  0.06  0.06  1.52  1.52  
0.12  0.12  0.0  0.0  0.0  0.0  1.14  1.14  
0.12  0.12  0.0  0.0  0.0  0.0  1.14  1.14  
0.12  0.12  0.0  0.0  0.0  0.0  1.14  1.14  
0.12  0.12  0.0  0.0  0.0  0.0  1.14  1.14  
3.0  3.0  1.36  1.36  1.36  1.36  0.0  0.0  
3.0  3.0  1.36  1.36  1.36  1.36  0.0  0.0  
adi的计算指标：
adi1: [41, 14, 62, 26, 73, 37, 85, 58]
adi2: [31, 13, 52, 25, 74, 47, 86, 68]
adi3: [21, 12, 53, 35, 64, 46, 87, 78]
list 遍历 ;拿list的值去Array中匹配寻找,然后输出其大小：
adi1: 0.67
adi2: 0.67
adi3: 0.0
[0.67, 0.67, 0.0]

===============================================
K_L information矩阵如下: 
0.0  0.0  0.0  0.0  0.09  0.09  0.09  1.59  
0.01  0.0  0.0  0.0  0.06  0.06  0.06  1.52  
0.01  0.0  0.0  0.0  0.06  0.06  0.06  1.52  
0.01  0.0  0.0  0.0  0.06  0.06  0.06  1.52  
0.32  0.12  0.12  0.12  0.0  0.0  0.0  1.14  
0.32  0.12  0.12  0.12  0.0  0.0  0.0  1.14  
0.32  0.12  0.12  0.12  0.0  0.0  0.0  1.14  
4.66  3.0  3.0  3.0  1.36  1.36  1.36  0.0  
adi的计算指标：
adi1: [41, 14, 62, 26, 73, 37, 85, 58]
adi2: [31, 13, 52, 25, 74, 47, 86, 68]
adi3: [21, 12, 53, 35, 64, 46, 87, 78]
list 遍历 ;拿list的值去Array中匹配寻找,然后输出其大小：
adi1: 0.35875
adi2: 0.35875
adi3: 0.35875
[0.35875, 0.35875, 0.35875]


